Label,Length
5 -V20 - 500x.jpg,2.817
5 -V20 - 500x.jpg,1.992
5 -V20 - 500x.jpg,1.606
5 -V20 - 500x.jpg,1.837
5 -V20 - 500x.jpg,1.782
5 -V20 - 500x.jpg,1.409
5 -V20 - 500x.jpg,2.113
5 -V20 - 500x.jpg,3.150
5 -V20 - 500x.jpg,1.336
5 -V20 - 500x.jpg,1.696
5 -V20 - 500x.jpg,1.837
5 -V20 - 500x.jpg,1.409
5 -V20 - 500x.jpg,3.165
5 -V20 - 500x.jpg,2.539
5 -V20 - 500x.jpg,2.017
5 -V20 - 500x.jpg,1.696
5 -V20 - 500x.jpg,2.539
5 -V20 - 500x.jpg,1.575
5 -V20 - 500x.jpg,1.890
5 -V20 - 500x.jpg,1.575
5 -V20 - 500x.jpg,1.575
5 -V20 - 500x.jpg,1.696
5 -V20 - 500x.jpg,2.017
5 -V20 - 500x.jpg,2.271
5 -V20 - 500x.jpg,2.271
5 -V20 - 500x.jpg,2.227
5 -V20 - 500x.jpg,2.271
5 -V20 - 500x.jpg,1.782
5 -V20 - 500x.jpg,1.696
5 -V20 - 500x.jpg,1.837
5 -V20 - 500x.jpg,1.782
5 -V20 - 500x.jpg,3.150
5 -V20 - 500x.jpg,2.520
5 -V20 - 500x.jpg,3.288
5 -V20 - 500x.jpg,3.793
5 -V20 - 500x.jpg,1.837
5 -V20 - 500x.jpg,1.837
5 -V20 - 500x.jpg,1.696
5 -V20 - 500x.jpg,1.409
5 -V20 - 500x.jpg,1.575
5 -V20 - 500x.jpg,2.017
5 -V20 - 500x.jpg,2.904
5 -V20 - 500x.jpg,1.299
5 -V20 - 500x.jpg,3.212
5 -V20 - 500x.jpg,2.904
